# R script for Peak Model
#  -- generated by MACS
p <- c(0.0037012362129,0.00555185431934,0.00555185431934,0.00555185431934,0.00555185431934,0.0037012362129,0.0037012362129,0.0037012362129,0.00185061810645,0.00185061810645,0.00185061810645,0.0,0.0,0.0,0.0037012362129,0.0037012362129,0.00925309053224,0.00925309053224,0.0111037086387,0.0129543267451,0.0129543267451,0.0129543267451,0.0129543267451,0.0148049448516,0.0111037086387,0.0111037086387,0.00555185431934,0.00555185431934,0.00555185431934,0.0037012362129,0.0037012362129,0.0037012362129,0.00740247242579,0.00555185431934,0.00555185431934,0.00555185431934,0.00740247242579,0.00740247242579,0.00555185431934,0.00740247242579,0.00740247242579,0.00740247242579,0.00555185431934,0.00555185431934,0.00555185431934,0.00555185431934,0.0037012362129,0.0037012362129,0.0037012362129,0.00185061810645,0.0037012362129,0.0037012362129,0.0037012362129,0.0037012362129,0.0037012362129,0.00555185431934,0.00555185431934,0.00555185431934,0.00555185431934,0.00740247242579,0.00555185431934,0.00555185431934,0.0037012362129,0.0037012362129,0.00555185431934,0.0037012362129,0.0037012362129,0.0037012362129,0.0037012362129,0.00185061810645,0.00185061810645,0.00185061810645,0.00185061810645,0.00185061810645,0.00185061810645,0.00185061810645,0.00185061810645,0.00185061810645,0.0037012362129,0.0037012362129,0.00555185431934,0.00555185431934,0.00740247242579,0.00740247242579,0.00555185431934,0.00555185431934,0.00740247242579,0.00740247242579,0.00555185431934,0.00740247242579,0.00555185431934,0.00740247242579,0.00925309053224,0.00925309053224,0.00925309053224,0.0111037086387,0.00925309053224,0.00925309053224,0.00925309053224,0.00740247242579,0.00740247242579,0.00555185431934,0.00185061810645,0.00185061810645,0.00185061810645,0.0,0.0,0.00185061810645,0.0037012362129,0.00555185431934,0.00740247242579,0.00740247242579,0.00740247242579,0.00740247242579,0.00740247242579,0.00925309053224,0.00925309053224,0.00925309053224,0.00740247242579,0.00555185431934,0.0037012362129,0.00740247242579,0.00740247242579,0.00740247242579,0.00925309053224,0.00740247242579,0.00740247242579,0.00555185431934,0.00555185431934,0.00555185431934,0.00555185431934,0.00185061810645,0.00185061810645,0.00185061810645,0.00185061810645,0.00185061810645,0.0037012362129,0.0037012362129,0.0037012362129,0.00555185431934,0.00740247242579,0.00740247242579,0.00740247242579,0.00925309053224,0.00740247242579,0.00925309053224,0.00740247242579,0.00740247242579,0.00740247242579,0.00555185431934,0.00555185431934,0.00740247242579,0.00740247242579,0.00740247242579,0.00740247242579,0.00555185431934,0.00555185431934,0.00555185431934,0.00555185431934,0.00555185431934,0.0037012362129,0.00185061810645,0.00185061810645,0.0,0.0,0.0,0.0,0.0,0.00185061810645,0.00185061810645,0.00185061810645,0.00185061810645,0.00185061810645,0.00185061810645,0.00185061810645,0.00185061810645,0.00185061810645,0.00185061810645,0.0,0.00185061810645,0.00185061810645,0.0037012362129,0.0037012362129,0.0037012362129,0.0037012362129,0.0037012362129,0.0037012362129,0.00555185431934,0.00740247242579,0.00555185431934,0.00555185431934,0.0037012362129,0.0037012362129,0.0037012362129,0.0037012362129,0.00555185431934,0.00555185431934,0.0037012362129,0.00185061810645,0.00185061810645,0.00185061810645,0.00185061810645,0.00185061810645,0.0037012362129,0.0037012362129,0.00185061810645,0.00185061810645,0.00185061810645,0.00185061810645,0.00185061810645,0.00185061810645,0.00185061810645,0.00185061810645,0.0,0.0,0.0,0.0,0.00185061810645,0.00185061810645,0.00185061810645,0.00185061810645,0.00185061810645,0.0037012362129,0.0037012362129,0.0037012362129,0.0037012362129,0.0037012362129,0.00185061810645,0.00185061810645,0.00185061810645,0.00185061810645,0.00185061810645,0.0,0.0,0.0,0.0,0.0,0.00185061810645,0.00185061810645,0.00185061810645,0.00185061810645,0.00185061810645,0.00185061810645,0.00185061810645,0.00185061810645,0.0037012362129,0.0037012362129,0.00185061810645,0.0037012362129,0.0037012362129,0.00555185431934,0.00740247242579,0.00740247242579,0.00740247242579,0.00740247242579,0.00555185431934,0.00555185431934,0.00740247242579,0.00555185431934,0.00555185431934,0.0037012362129,0.00185061810645,0.00185061810645,0.00185061810645,0.00185061810645,0.00185061810645,0.00185061810645,0.0,0.0,0.0,0.0,0.0,0.00185061810645,0.00185061810645,0.00185061810645,0.0037012362129,0.0037012362129,0.0037012362129,0.0037012362129,0.0037012362129,0.0037012362129,0.0037012362129,0.00185061810645,0.00185061810645,0.00185061810645,0.00185061810645,0.0037012362129,0.0037012362129,0.0037012362129,0.0037012362129,0.0037012362129,0.0037012362129,0.0037012362129,0.00555185431934,0.00555185431934,0.0037012362129,0.00185061810645,0.00185061810645,0.0037012362129,0.0037012362129,0.0222074172774,0.0407135983418,0.070323488045,0.10918646828,0.14064697609,0.173958102006,0.192464283071,0.220223554667,0.244281590051,0.284995188393,0.297949515138,0.296098897032,0.292397660819,0.284995188393,0.286845806499,0.273891479754,0.284995188393,0.283144570286,0.283144570286,0.277592715967,0.275742097861,0.290547042712,0.290547042712,0.284995188393,0.28129395218,0.288696424606,0.283144570286,0.290547042712,0.288696424606,0.284995188393,0.277592715967,0.275742097861,0.273891479754,0.268339625435,0.264638389222,0.262787771116,0.25538529869,0.260937153009,0.25538529869,0.251684062477,0.251684062477,0.246132208158,0.240580353838,0.246132208158,0.25538529869,0.251684062477,0.268339625435,0.24983344437,0.25538529869,0.251684062477,0.264638389222,0.262787771116,0.284995188393,0.284995188393,0.272040861648,0.275742097861,0.275742097861,0.288696424606,0.283144570286,0.301650751351,0.303501369457,0.314605078096,0.303501369457,0.305351987564,0.316455696203,0.329410022948,0.318306314309,0.31275445999,0.318306314309,0.292397660819,0.283144570286,0.283144570286,0.284995188393,0.288696424606,0.292397660819,0.284995188393,0.283144570286,0.277592715967,0.286845806499,0.30720260567,0.296098897032,0.292397660819,0.283144570286,0.28129395218,0.270190243541,0.264638389222,0.273891479754,0.284995188393,0.277592715967,0.266489007328,0.28129395218,0.273891479754,0.272040861648,0.259086534903,0.273891479754,0.264638389222,0.272040861648,0.264638389222,0.270190243541,0.283144570286,0.273891479754,0.277592715967,0.290547042712,0.305351987564,0.294248278925,0.31275445999,0.296098897032,0.299800133245,0.292397660819,0.28129395218,0.297949515138,0.30720260567,0.31275445999,0.305351987564,0.309053223777,0.286845806499,0.320156932415,0.323858168628,0.325708786735,0.333111259161,0.318306314309,0.310903841883,0.320156932415,0.331260641054,0.333111259161,0.336812495373,0.30720260567,0.305351987564,0.309053223777,0.327559404841,0.334961877267,0.351617440225,0.346065585906,0.342364349693,0.333111259161,0.346065585906,0.357169294544,0.353468058331,0.371974239396,0.349766822119,0.347916204012,0.325708786735,0.323858168628,0.327559404841,0.342364349693,0.331260641054,0.334961877267,0.336812495373,0.320156932415,0.318306314309,0.322007550522,0.340513731586,0.327559404841,0.320156932415,0.309053223777,0.331260641054,0.322007550522,0.325708786735,0.323858168628,0.320156932415,0.305351987564,0.301650751351,0.299800133245,0.299800133245,0.299800133245,0.294248278925,0.301650751351,0.286845806499,0.299800133245,0.310903841883,0.325708786735,0.329410022948,0.334961877267,0.333111259161,0.351617440225,0.340513731586,0.325708786735,0.33866311348,0.325708786735,0.320156932415,0.322007550522,0.31275445999,0.303501369457,0.31275445999,0.288696424606,0.296098897032,0.297949515138,0.288696424606,0.294248278925,0.297949515138,0.297949515138,0.296098897032,0.310903841883,0.309053223777,0.314605078096,0.314605078096,0.322007550522,0.318306314309,0.325708786735,0.325708786735,0.314605078096,0.325708786735,0.331260641054,0.331260641054,0.323858168628,0.329410022948,0.329410022948,0.353468058331,0.33866311348,0.351617440225,0.36457176697,0.351617440225,0.336812495373,0.325708786735,0.334961877267,0.331260641054,0.340513731586,